=== Run information ===

Evaluator:    weka.attributeSelection.PrincipalComponents -R 0.95 -A 5
Search:       weka.attributeSelection.Ranker -T -1.7976931348623157E308 -N -1
Relation:     JM1
Instances:    9591
Attributes:   22
              LOC_BLANK
              BRANCH_COUNT
              LOC_CODE_AND_COMMENT
              LOC_COMMENTS
              CYCLOMATIC_COMPLEXITY
              DESIGN_COMPLEXITY
              ESSENTIAL_COMPLEXITY
              LOC_EXECUTABLE
              HALSTEAD_CONTENT
              HALSTEAD_DIFFICULTY
              HALSTEAD_EFFORT
              HALSTEAD_ERROR_EST
              HALSTEAD_LENGTH
              HALSTEAD_LEVEL
              HALSTEAD_PROG_TIME
              HALSTEAD_VOLUME
              NUM_OPERANDS
              NUM_OPERATORS
              NUM_UNIQUE_OPERANDS
              NUM_UNIQUE_OPERATORS
              LOC_TOTAL
              label
Evaluation mode:    evaluate on all training data



=== Attribute Selection on all input data ===

Search Method:
	Attribute ranking.

Attribute Evaluator (unsupervised):
	Principal Components Attribute Transformer

Correlation matrix
  1      0.61   0.26   0.62   0.57   0.56   0.39   0.8    0.55   0.62   0.6    0.78   0.79  -0.29   0.6    0.78   0.77   0.79   0.66   0.45   0.86  -0.23 
  0.61   1      0.24   0.45   0.97   0.86   0.78   0.85   0.38   0.75   0.7    0.81   0.8   -0.28   0.7    0.81   0.77   0.82   0.71   0.66   0.83  -0.21 
  0.26   0.24   1      0.25   0.21   0.21   0.21   0.25   0.21   0.24   0.14   0.26   0.27  -0.13   0.14   0.26   0.27   0.27   0.24   0.18   0.29  -0.13 
  0.62   0.45   0.25   1      0.41   0.37   0.34   0.55   0.38   0.5    0.38   0.58   0.6   -0.21   0.38   0.58   0.59   0.6    0.47   0.34   0.66  -0.18 
  0.57   0.97   0.21   0.41   1      0.85   0.69   0.85   0.35   0.74   0.73   0.8    0.78  -0.25   0.73   0.8    0.74   0.79   0.76   0.76   0.81  -0.2  
  0.56   0.86   0.21   0.37   0.85   1      0.64   0.81   0.34   0.63   0.78   0.78   0.74  -0.2    0.78   0.78   0.71   0.75   0.66   0.58   0.78  -0.17 
  0.39   0.78   0.21   0.34   0.69   0.64   1      0.52   0.28   0.52   0.35   0.51   0.54  -0.22   0.35   0.51   0.5    0.55   0.4    0.35   0.52  -0.15 
  0.8    0.85   0.25   0.55   0.85   0.81   0.52   1      0.54   0.77   0.81   0.96   0.94  -0.28   0.81   0.96   0.93   0.94   0.84   0.66   0.99  -0.22 
  0.55   0.38   0.21   0.38   0.35   0.34   0.28   0.54   1      0.34   0.2    0.59   0.63  -0.27   0.2    0.59   0.67   0.6    0.7    0.31   0.56  -0.23 
  0.62   0.75   0.24   0.5    0.74   0.63   0.52   0.77   0.34   1      0.58   0.75   0.8   -0.46   0.58   0.75   0.77   0.81   0.61   0.72   0.77  -0.2  
  0.6    0.7    0.14   0.38   0.73   0.78   0.35   0.81   0.2    0.58   1      0.8    0.71  -0.07   1      0.8    0.67   0.73   0.58   0.5    0.78  -0.09 
  0.78   0.81   0.26   0.58   0.8    0.78   0.51   0.96   0.59   0.75   0.8    1      0.98  -0.25   0.8    1      0.97   0.98   0.85   0.61   0.96  -0.21 
  0.79   0.8    0.27   0.6    0.78   0.74   0.54   0.94   0.63   0.8    0.71   0.98   1     -0.3    0.71   0.98   0.99   1      0.82   0.6    0.94  -0.23 
 -0.29  -0.28  -0.13  -0.21  -0.25  -0.2   -0.22  -0.28  -0.27  -0.46  -0.07  -0.25  -0.3    1     -0.07  -0.25  -0.31  -0.3   -0.32  -0.47  -0.3    0.17 
  0.6    0.7    0.14   0.38   0.73   0.78   0.35   0.81   0.2    0.58   1      0.8    0.71  -0.07   1      0.8    0.67   0.73   0.58   0.5    0.78  -0.09 
  0.78   0.81   0.26   0.58   0.8    0.78   0.51   0.96   0.59   0.75   0.8    1      0.98  -0.25   0.8    1      0.97   0.98   0.85   0.61   0.96  -0.21 
  0.77   0.77   0.27   0.59   0.74   0.71   0.5    0.93   0.67   0.77   0.67   0.97   0.99  -0.31   0.67   0.97   1      0.97   0.84   0.58   0.93  -0.23 
  0.79   0.82   0.27   0.6    0.79   0.75   0.55   0.94   0.6    0.81   0.73   0.98   1     -0.3    0.73   0.98   0.97   1      0.8    0.6    0.94  -0.23 
  0.66   0.71   0.24   0.47   0.76   0.66   0.4    0.84   0.7    0.61   0.58   0.85   0.82  -0.32   0.58   0.85   0.84   0.8    1      0.77   0.83  -0.24 
  0.45   0.66   0.18   0.34   0.76   0.58   0.35   0.66   0.31   0.72   0.5    0.61   0.6   -0.47   0.5    0.61   0.58   0.6    0.77   1      0.63  -0.21 
  0.86   0.83   0.29   0.66   0.81   0.78   0.52   0.99   0.56   0.77   0.78   0.96   0.94  -0.3    0.78   0.96   0.93   0.94   0.83   0.63   1     -0.24 
 -0.23  -0.21  -0.13  -0.18  -0.2   -0.17  -0.15  -0.22  -0.23  -0.2   -0.09  -0.21  -0.23   0.17  -0.09  -0.21  -0.23  -0.23  -0.24  -0.21  -0.24   1    


eigenvalue	proportion	cumulative
 13.97196	  0.63509	  0.63509	-0.261LOC_EXECUTABLE-0.261LOC_TOTAL-0.26HALSTEAD_ERROR_EST-0.26HALSTEAD_VOLUME-0.259NUM_OPERATORS...
  1.6018 	  0.07281	  0.7079 	-0.438HALSTEAD_CONTENT+0.385HALSTEAD_LEVEL+0.384HALSTEAD_PROG_TIME+0.384HALSTEAD_EFFORT+0.299label=N...
  1.2898 	  0.05863	  0.76653	-0.447HALSTEAD_LEVEL+0.381ESSENTIAL_COMPLEXITY+0.371NUM_UNIQUE_OPERATORS+0.273CYCLOMATIC_COMPLEXITY+0.262BRANCH_COUNT...
  0.97646	  0.04438	  0.81091	0.67 LOC_CODE_AND_COMMENT+0.424ESSENTIAL_COMPLEXITY+0.347HALSTEAD_LEVEL-0.311NUM_UNIQUE_OPERATORS-0.184NUM_UNIQUE_OPERANDS...
  0.87643	  0.03984	  0.85075	0.869label=N+0.317LOC_CODE_AND_COMMENT-0.246HALSTEAD_LEVEL+0.171LOC_COMMENTS+0.146HALSTEAD_DIFFICULTY...
  0.83143	  0.03779	  0.88854	-0.476ESSENTIAL_COMPLEXITY+0.458LOC_CODE_AND_COMMENT-0.394HALSTEAD_CONTENT-0.293label=N+0.256HALSTEAD_PROG_TIME...
  0.72768	  0.03308	  0.92162	0.59 LOC_COMMENTS-0.423LOC_CODE_AND_COMMENT-0.35NUM_UNIQUE_OPERANDS-0.316HALSTEAD_CONTENT+0.225LOC_BLANK...
  0.51078	  0.02322	  0.94483	0.501LOC_COMMENTS+0.496HALSTEAD_LEVEL+0.488NUM_UNIQUE_OPERATORS+0.301NUM_UNIQUE_OPERANDS+0.205CYCLOMATIC_COMPLEXITY...
  0.39351	  0.01789	  0.96272	0.569HALSTEAD_DIFFICULTY-0.293DESIGN_COMPLEXITY+0.291HALSTEAD_LEVEL-0.284LOC_COMMENTS+0.253NUM_OPERATORS...

Eigenvectors
 V1	 V2	 V3	 V4	 V5	 V6	 V7	 V8	 V9	
-0.2146	-0.1429	-0.2209	 0.0148	 0.056 	 0.078 	 0.225 	-0.1247	-0.2069	LOC_BLANK
-0.2381	 0.1382	 0.2623	 0.1514	-0.0355	-0.1723	 0.0248	 0.0443	-0.0196	BRANCH_COUNT
-0.0787	-0.2212	 0.0352	 0.6704	 0.3168	 0.4581	-0.4231	-0.0577	 0.0156	LOC_CODE_AND_COMMENT
-0.162 	-0.2063	-0.2014	 0.1638	 0.1712	 0.1298	 0.5895	 0.5006	-0.284 	LOC_COMMENTS
-0.2359	 0.1801	 0.2729	 0.0465	-0.0591	-0.0837	-0.0962	 0.2048	-0.0533	CYCLOMATIC_COMPLEXITY
-0.224 	 0.2426	 0.1479	 0.1085	-0.0846	-0.0754	-0.0835	-0.1235	-0.2931	DESIGN_COMPLEXITY
-0.1611	 0.0562	 0.3808	 0.4242	 0.0125	-0.4756	 0.2109	-0.0805	-0.0766	ESSENTIAL_COMPLEXITY
-0.2609	 0.0456	-0.0698	-0.0452	-0.0186	 0.0115	-0.0277	-0.0408	-0.0036	LOC_EXECUTABLE
-0.1534	-0.4379	-0.2349	-0.0575	-0.0678	-0.3936	-0.3162	-0.0728	-0.2247	HALSTEAD_CONTENT
-0.2195	-0.0511	 0.2277	-0.0962	 0.1463	 0.1332	 0.1964	 0.0155	 0.5687	HALSTEAD_DIFFICULTY
-0.2128	 0.3839	-0.1276	-0.0719	-0.0509	 0.2561	-0.0133	-0.1581	-0.1801	HALSTEAD_EFFORT
-0.2601	 0.0149	-0.1503	-0.0324	-0.0034	-0.0267	-0.0355	-0.0578	 0.1222	HALSTEAD_ERROR_EST
-0.2583	-0.0719	-0.1173	-0.0148	 0.0274	-0.0751	 0.0154	-0.0874	 0.251 	HALSTEAD_LENGTH
 0.0902	 0.3853	-0.4472	 0.3469	-0.246 	-0.1817	-0.1578	 0.4958	 0.2911	HALSTEAD_LEVEL
-0.2128	 0.3839	-0.1276	-0.0719	-0.0509	 0.2561	-0.0133	-0.1581	-0.1801	HALSTEAD_PROG_TIME
-0.2601	 0.0149	-0.1504	-0.0324	-0.0034	-0.0268	-0.0355	-0.0576	 0.1224	HALSTEAD_VOLUME
-0.2534	-0.1116	-0.1437	-0.032 	 0.0223	-0.0995	-0.0255	-0.0822	 0.2441	NUM_OPERANDS
-0.2586	-0.0449	-0.0985	-0.0032	 0.0305	-0.0582	 0.0422	-0.0898	 0.2527	NUM_OPERATORS
-0.2303	-0.1513	-0.023 	-0.1842	-0.0636	-0.0755	-0.3501	 0.3008	-0.183 	NUM_UNIQUE_OPERANDS
-0.1891	-0.0509	 0.3713	-0.3113	 0.0303	 0.2173	-0.2219	 0.4884	-0.0051	NUM_UNIQUE_OPERATORS
-0.2609	-0.0153	-0.1099	 0.0047	 0.0241	 0.0507	 0.0755	 0.0059	-0.07  	LOC_TOTAL
 0.0678	 0.2986	-0.1224	-0.1649	 0.8691	-0.2929	-0.1192	 0.0604	-0.0537	label=N

Ranked attributes:
 0.3649   1 -0.261LOC_EXECUTABLE-0.261LOC_TOTAL-0.26HALSTEAD_ERROR_EST-0.26HALSTEAD_VOLUME-0.259NUM_OPERATORS...
 0.2921   2 -0.438HALSTEAD_CONTENT+0.385HALSTEAD_LEVEL+0.384HALSTEAD_PROG_TIME+0.384HALSTEAD_EFFORT+0.299label=N...
 0.2335   3 -0.447HALSTEAD_LEVEL+0.381ESSENTIAL_COMPLEXITY+0.371NUM_UNIQUE_OPERATORS+0.273CYCLOMATIC_COMPLEXITY+0.262BRANCH_COUNT...
 0.1891   4 0.67 LOC_CODE_AND_COMMENT+0.424ESSENTIAL_COMPLEXITY+0.347HALSTEAD_LEVEL-0.311NUM_UNIQUE_OPERATORS-0.184NUM_UNIQUE_OPERANDS...
 0.1493   5 0.869label=N+0.317LOC_CODE_AND_COMMENT-0.246HALSTEAD_LEVEL+0.171LOC_COMMENTS+0.146HALSTEAD_DIFFICULTY...
 0.1115   6 -0.476ESSENTIAL_COMPLEXITY+0.458LOC_CODE_AND_COMMENT-0.394HALSTEAD_CONTENT-0.293label=N+0.256HALSTEAD_PROG_TIME...
 0.0784   7 0.59 LOC_COMMENTS-0.423LOC_CODE_AND_COMMENT-0.35NUM_UNIQUE_OPERANDS-0.316HALSTEAD_CONTENT+0.225LOC_BLANK...
 0.0552   8 0.501LOC_COMMENTS+0.496HALSTEAD_LEVEL+0.488NUM_UNIQUE_OPERATORS+0.301NUM_UNIQUE_OPERANDS+0.205CYCLOMATIC_COMPLEXITY...
 0.0373   9 0.569HALSTEAD_DIFFICULTY-0.293DESIGN_COMPLEXITY+0.291HALSTEAD_LEVEL-0.284LOC_COMMENTS+0.253NUM_OPERATORS...

Selected attributes: 1,2,3,4,5,6,7,8,9 : 9

